0.000000 0 0.275000 0.072500 0.250000 0 0 0
1.000000 1 0.475000 0.712833 0.250000 0 0 1
0.000000 1 0.325000 0.079250 0.125000 0 1 1
1.000000 1 0.437500 0.531000 0.250000 0 0 1
0.000000 0 0.437500 0.080500 0.125000 0 1 0
0.000000 0 0.371239 0.084583 0.125000 0 1 0
1.000000 0 0.675000 0.518625 0.125000 0 1 0
0.000000 0 0.025000 0.210750 0.625000 1 0 0
0.000000 1 0.337500 0.111333 0.375000 0 0 1
0.500000 1 0.175000 0.300708 0.250000 1 0 1
0.000000 1 0.050000 0.167000 0.375000 1 0 1
1.000000 1 0.725000 0.265500 0.125000 0 1 1
0.000000 0 0.250000 0.080500 0.125000 0 1 0
0.000000 0 0.487500 0.312750 0.875000 0 0 0
0.000000 1 0.175000 0.078542 0.125000 1 1 0
0.500000 1 0.687500 0.160000 0.125000 0 1 1
0.000000 0 0.025000 0.291250 0.750000 1 0 0
0.500000 0 0.371239 0.130000 0.125000 0 1 1
0.000000 1 0.387500 0.180000 0.250000 0 0 0
0.000000 1 0.371239 0.072250 0.125000 0 1 1
0.500000 0 0.437500 0.260000 0.125000 0 1 0
0.500000 0 0.425000 0.130000 0.125000 0 1 1
0.000000 1 0.187500 0.080292 0.125000 1 1 1
1.000000 0 0.350000 0.355000 0.125000 0 1 1
0.000000 1 0.100000 0.210750 0.625000 1 0 0
0.000000 1 0.475000 0.313875 0.875000 0 0 1
0.000000 0 0.371239 0.072250 0.125000 0 1 0
1.000000 0 0.237500 2.630000 0.750000 0 0 0
0.000000 1 0.371239 0.078792 0.125000 0 1 1
0.000000 0 0.371239 0.078958 0.125000 0 1 0
1.000000 0 0.500000 0.277208 0.125000 0 1 0
1.000000 1 0.371239 1.465208 0.250000 0 0 1
0.000000 1 0.371239 0.077500 0.125000 0 1 1
0.500000 0 0.825000 0.105000 0.125000 0 1 0
1.000000 0 0.350000 0.821708 0.250000 0 0 0
1.000000 0 0.525000 0.520000 0.250000 0 0 0
0.000000 0 0.371239 0.072292 0.125000 0 1 1
0.000000 0 0.262500 0.080500 0.125000 0 1 0
0.000000 1 0.225000 0.180000 0.375000 0 0 0
0.000000 1 0.175000 0.112417 0.250000 1 0 1
0.000000 1 0.500000 0.094750 0.250000 0 0 0
0.500000 1 0.337500 0.210000 0.250000 0 0 0
0.000000 0 0.371239 0.078958 0.125000 0 1 0
0.500000 1 0.037500 0.415792 0.500000 1 0 1
0.000000 1 0.237500 0.078792 0.125000 0 1 1
0.000000 0 0.371239 0.080500 0.125000 0 1 0
0.000000 0 0.371239 0.155000 0.250000 0 0 0
0.000000 1 0.371239 0.077500 0.125000 0 1 1
0.000000 0 0.371239 0.216792 0.375000 0 0 0
0.000000 1 0.225000 0.178000 0.250000 0 0 0
0.000000 0 0.087500 0.396875 0.750000 1 0 0
0.000000 0 0.262500 0.078000 0.125000 0 1 0
1.000000 1 0.612500 0.767292 0.250000 0 0 1
0.500000 1 0.362500 0.260000 0.250000 0 0 1
1.000000 0 0.812500 0.619792 0.250000 0 0 0
1.000000 0 0.371239 0.355000 0.125000 0 1 1
0.500000 1 0.262500 0.105000 0.125000 0 1 1
0.000000 0 0.356250 0.072292 0.125000 0 1 0
0.500000 1 0.062500 0.277500 0.500000 1 0 1
0.000000 0 0.137500 0.469000 1.000000 1 0 0
0.000000 0 0.275000 0.072292 0.125000 0 1 0
1.000000 1 0.475000 0.800000 0.125000 0 1 1
1.000000 0 0.562500 0.834750 0.250000 0 0 0
0.000000 0 0.050000 0.279000 0.750000 1 0 0
1.000000 0 0.371239 0.277208 0.125000 0 1 0
0.000000 0 0.371239 0.152458 0.375000 0 0 1
0.500000 1 0.362500 0.105000 0.125000 0 1 1
0.000000 0 0.237500 0.081583 0.125000 0 1 0
0.000000 1 0.212500 0.079250 0.875000 0 0 1
0.000000 0 0.325000 0.086625 0.375000 0 0 0
0.500000 0 0.400000 0.105000 0.125000 0 1 0
0.000000 1 0.200000 0.469000 1.000000 0 0 0
0.500000 0 0.262500 0.735000 0.125000 0 1 0
0.000000 0 0.325000 0.144542 0.250000 0 0 0
0.000000 0 0.400000 0.564958 0.125000 0 1 1
0.000000 0 0.312500 0.076500 0.125000 0 1 0
0.000000 0 0.371239 0.078958 0.125000 0 1 0
0.000000 0 0.371239 0.080500 0.125000 0 1 0
0.500000 0 0.010375 0.290000 0.375000 1 0 1
0.000000 1 0.375000 0.124750 0.125000 0 1 1
0.000000 0 0.275000 0.090000 0.125000 0 1 0
0.000000 0 0.362500 0.095000 0.125000 0 1 1
0.000000 1 0.371239 0.077875 0.125000 0 1 1
1.000000 0 0.350000 0.471000 0.125000 0 1 0
0.500000 1 0.212500 0.105000 0.125000 0 1 1
0.000000 1 0.412500 0.158500 0.500000 0 0 1
0.000000 0 0.200000 0.343750 0.625000 0 0 0
0.000000 0 0.371239 0.080500 0.125000 0 1 0
1.000000 1 0.287500 2.630000 0.750000 0 0 1
0.000000 0 0.300000 0.080500 0.125000 0 1 0
0.000000 0 0.362500 0.080500 0.125000 0 1 0
0.000000 0 0.250000 0.078542 0.125000 0 1 0
1.000000 0 0.575000 0.611750 0.250000 0 0 0
0.000000 0 0.325000 0.205750 0.500000 0 0 0
0.000000 0 0.737500 0.072500 0.125000 0 1 0
0.000000 0 0.371239 0.080500 0.125000 0 1 0
1.000000 0 0.887500 0.346542 0.125000 0 1 0
1.000000 0 0.287500 0.633583 0.250000 0 0 1
0.500000 1 0.425000 0.230000 0.250000 0 0 1
0.500000 0 0.425000 0.260000 0.250000 0 0 0
0.000000 1 0.350000 0.078958 0.125000 0 1 0
0.000000 0 0.371239 0.078958 0.125000 0 1 0
1.000000 0 0.262500 0.772875 0.250000 0 0 0
0.000000 0 0.412500 0.086542 0.125000 0 1 0
0.000000 0 0.462500 0.079250 0.375000 0 0 0
0.000000 0 0.350000 0.078958 0.125000 0 1 0
0.000000 1 0.262500 0.076500 0.125000 0 1 1
0.000000 0 0.371239 0.077750 0.125000 0 1 1
0.000000 0 0.475000 0.078958 0.125000 0 1 0
0.000000 1 0.371239 0.241500 0.250000 0 0 1
1.000000 0 0.587500 0.520000 0.125000 0 1 0
0.000000 1 0.181250 0.144542 0.250000 1 0 0
0.000000 0 0.275000 0.080500 0.125000 0 1 0
0.000000 1 0.250000 0.098250 0.250000 0 0 0
0.000000 1 0.212500 0.144583 0.125000 0 1 0
0.000000 0 0.262500 0.079250 0.125000 0 1 0
0.000000 0 0.881250 0.077500 0.125000 0 1 0
0.500000 0 0.362500 0.210000 0.250000 0 0 0
1.000000 0 0.300000 2.475208 0.250000 0 0 0
0.000000 1 0.025000 0.312750 0.875000 1 0 0
0.500000 0 0.262500 0.735000 0.375000 0 0 0
0.000000 0 0.371239 0.080500 0.125000 0 1 0
0.500000 0 0.406250 0.300708 0.250000 0 0 0
0.500000 1 0.406250 0.130000 0.125000 0 1 1
1.000000 0 0.675000 0.772875 0.250000 0 0 0
0.000000 0 0.150000 0.112417 0.250000 1 0 1
0.000000 0 0.371239 0.077500 0.125000 0 1 0
0.000000 0 0.300000 0.071417 0.125000 0 1 1
0.000000 1 0.371239 0.223583 0.375000 0 0 1
0.000000 0 0.562500 0.069750 0.125000 0 1 0
0.000000 0 0.412500 0.078958 0.125000 0 1 0
0.000000 0 0.250000 0.070500 0.125000 0 1 0
0.000000 1 0.587500 0.145000 0.250000 0 0 0
0.500000 1 0.362500 0.260000 0.250000 0 0 1
0.500000 0 0.312500 0.130000 0.125000 0 1 0
0.500000 0 0.287500 0.150458 0.125000 0 1 0
1.000000 1 0.237500 0.262833 0.375000 0 0 1
1.000000 0 0.462500 0.531000 0.250000 0 0 0
0.000000 0 0.200000 0.092167 0.125000 0 1 0
1.000000 0 0.300000 0.792000 0.125000 0 1 0
0.000000 1 0.371239 0.152458 0.375000 0 0 0
0.000000 1 0.275000 0.077500 0.125000 0 1 1
0.000000 1 0.300000 0.158500 0.250000 0 0 1
0.000000 0 0.237500 0.067500 0.125000 0 1 0
0.500000 0 0.225000 0.115000 0.125000 0 1 0
0.500000 0 0.237500 0.367500 0.375000 0 0 0
0.000000 0 0.337500 0.077958 0.125000 0 1 1
0.000000 1 0.112500 0.343750 0.625000 1 0 0
0.500000 0 0.456250 0.260000 0.375000 0 0 0
0.500000 0 0.525000 0.130000 0.125000 0 1 0
0.500000 0 0.637500 0.125250 0.125000 0 1 0
1.000000 1 0.275000 0.666000 0.250000 0 0 1
0.000000 0 0.693750 0.080500 0.125000 0 1 0
0.000000 0 0.506250 0.145000 0.375000 0 0 0
0.000000 0 0.371239 0.073125 0.125000 0 1 0
1.000000 0 0.637500 0.613792 0.250000 0 0 0
0.000000 1 0.200000 0.077333 0.125000 0 1 1
0.000000 0 0.375000 0.080500 0.125000 0 1 0
0.000000 0 0.371239 0.086625 0.125000 0 1 0
0.000000 0 0.371239 0.695500 1.000000 0 0 0
0.000000 0 0.550000 0.161000 0.250000 0 0 0
0.500000 1 0.500000 0.157500 0.125000 0 1 1
0.000000 0 0.325000 0.077750 0.125000 0 1 0
0.000000 0 0.212500 0.086625 0.125000 0 1 0
0.000000 0 0.012500 0.396875 0.750000 1 0 0
0.000000 0 0.112500 0.205250 0.375000 1 0 1
1.000000 1 0.371239 0.550000 0.250000 0 0 1
0.000000 1 0.562500 0.279000 0.750000 0 0 0
1.000000 0 0.371239 0.259250 0.125000 0 1 0
0.000000 0 0.350000 0.564958 0.125000 0 1 0
1.000000 0 0.762500 0.335000 0.125000 0 1 0
0.000000 0 0.050000 0.291250 0.750000 1 0 0
0.000000 1 0.012500 0.111333 0.375000 1 0 1
0.000000 0 0.262500 0.079250 0.125000 0 1 0
1.000000 0 0.700000 0.306958 0.125000 0 1 0
0.000000 0 0.225000 0.078542 0.375000 0 0 0
0.000000 0 0.371239 0.254667 0.625000 0 0 0
1.000000 1 0.625000 0.287125 0.125000 0 1 0
0.500000 0 0.375000 0.130000 0.125000 0 1 0
0.000000 0 0.450000 0.000000 0.125000 0 1 0
0.000000 1 0.371239 0.695500 1.000000 0 0 0
0.500000 0 0.371239 0.150500 0.125000 0 1 0
0.000000 0 0.112500 0.313875 0.875000 1 0 0
0.500000 0 0.012500 0.390000 0.500000 1 0 1
0.000000 1 0.050000 0.220250 0.375000 1 0 1
1.000000 0 0.371239 0.500000 0.125000 0 1 0
0.000000 1 0.371239 0.155000 0.250000 0 0 1
1.000000 0 0.562500 0.265500 0.125000 0 1 1
0.000000 0 0.500000 0.155000 0.375000 0 0 0
0.000000 0 0.450000 0.078958 0.125000 0 1 0
0.500000 1 0.400000 0.130000 0.125000 0 1 1
0.500000 0 0.237500 0.130000 0.125000 0 1 0
0.000000 1 0.237500 0.078542 0.250000 0 0 1
0.500000 0 0.037500 0.260000 0.375000 1 0 1
1.000000 1 0.550000 0.277208 0.125000 0 1 1
1.000000 1 0.725000 1.465208 0.125000 0 1 1
0.000000 0 0.371239 0.077500 0.125000 0 1 0
0.000000 0 0.525000 0.084042 0.250000 0 0 0
0.000000 1 0.371239 0.077500 0.125000 0 1 1
0.500000 1 0.300000 0.130000 0.125000 0 1 0
0.000000 0 0.350000 0.095000 0.125000 0 1 0
0.000000 0 0.371239 0.695500 1.000000 0 0 0
0.000000 0 0.425000 0.064958 0.125000 0 1 0
0.000000 0 0.568750 0.072250 0.125000 0 1 0
0.000000 0 0.225000 0.080500 0.125000 0 1 1
0.000000 1 0.025000 0.104625 0.250000 1 0 0
0.000000 0 0.400000 0.158500 0.250000 0 0 0
0.000000 0 0.325000 0.187875 0.125000 0 1 1
0.000000 1 0.200000 0.077500 0.125000 0 1 1
1.000000 0 0.500000 0.310000 0.125000 0 1 1
0.000000 0 0.300000 0.070500 0.125000 0 1 0
0.500000 1 0.437500 0.210000 0.125000 0 1 1
0.000000 0 0.275000 0.072500 0.125000 0 1 0
0.500000 0 0.375000 0.130000 0.125000 0 1 0
0.000000 0 0.371239 0.077500 0.250000 0 0 0
1.000000 1 0.387500 1.132750 0.250000 0 0 1
0.000000 1 0.337500 0.079250 0.125000 0 1 1
0.500000 0 0.525000 0.270000 0.250000 0 0 0
1.000000 1 0.400000 0.762917 0.125000 0 1 1
0.500000 0 0.375000 0.105000 0.125000 0 1 0
0.000000 0 0.200000 0.080500 0.125000 0 1 1
0.500000 0 0.337500 0.130000 0.125000 0 1 0
0.000000 0 0.637500 0.080500 0.125000 0 1 0
0.000000 0 0.371239 0.078958 0.125000 0 1 0
1.000000 0 0.475000 0.900000 0.250000 0 0 1
0.000000 0 0.275000 0.093500 0.125000 0 1 0
0.500000 0 0.237500 0.105000 0.125000 0 1 1
0.000000 0 0.256250 0.072500 0.125000 0 1 0
0.500000 0 0.225000 0.130000 0.125000 0 1 0
0.000000 1 0.371239 0.254667 0.625000 0 0 0
1.000000 1 0.437500 0.834750 0.250000 0 0 1
0.000000 0 0.362500 0.077750 0.125000 0 1 0
0.500000 0 0.737500 0.135000 0.125000 0 1 0
0.000000 1 0.062500 0.313875 0.875000 1 0 1
0.500000 0 0.300000 0.105000 0.125000 0 1 0
0.000000 1 0.371239 0.075500 0.125000 0 1 0
0.500000 0 0.550000 0.260000 0.250000 0 0 0
0.500000 1 0.100000 0.262500 0.375000 1 0 1
0.500000 0 0.237500 0.105000 0.125000 0 1 0
0.500000 0 0.412500 0.122750 0.125000 0 1 0
0.000000 1 0.371239 0.144542 0.250000 0 0 0
0.000000 1 0.371239 0.155000 0.250000 0 0 1
0.500000 0 0.362500 0.105000 0.125000 0 1 0
0.000000 0 0.275000 0.071250 0.125000 0 1 0
0.000000 0 0.375000 0.072250 0.125000 0 1 0
1.000000 0 0.550000 0.900000 0.375000 0 0 0
0.000000 1 0.312500 0.077750 0.125000 0 1 0
0.500000 1 0.300000 0.145000 0.375000 0 0 1
1.000000 0 0.462500 0.525542 0.375000 0 0 1
0.500000 0 0.675000 0.260000 0.250000 0 0 0
0.000000 0 0.371239 0.072500 0.125000 0 1 0
0.000000 1 0.362500 0.104625 0.375000 0 0 0
1.000000 0 0.775000 0.265500 0.125000 0 1 0
0.000000 0 0.375000 0.161000 0.250000 0 0 0
0.000000 1 0.512500 0.202125 0.375000 0 0 0
0.000000 1 0.362500 0.152458 0.375000 0 0 1
1.000000 1 0.371239 0.792000 0.125000 0 1 1
1.000000 1 0.375000 0.865000 0.125000 0 1 1
1.000000 1 0.437500 5.123292 0.125000 0 1 1
0.500000 1 0.625000 0.260000 0.250000 0 0 1
0.000000 0 0.371239 0.077500 0.125000 0 1 0
0.000000 0 0.037500 0.313875 0.875000 1 0 1
1.000000 0 0.650000 0.796500 0.375000 0 0 0
1.000000 0 0.500000 0.000000 0.125000 0 1 0
0.000000 1 0.371239 0.077500 0.125000 0 1 0
0.500000 0 0.450000 0.105000 0.125000 0 1 0
0.000000 0 0.200000 0.396875 0.750000 0 0 0
0.000000 0 0.312500 0.077750 0.250000 0 0 1
1.000000 1 0.725000 1.534625 0.250000 0 0 1
1.000000 1 0.437500 1.356333 0.125000 0 1 1
1.000000 0 0.371239 0.310000 0.125000 0 1 0
0.000000 0 0.312500 0.000000 0.125000 0 1 1
0.500000 1 0.512500 0.195000 0.250000 0 0 1
1.000000 0 0.462500 0.297000 0.250000 0 0 0
0.000000 1 0.371239 0.077500 0.125000 0 1 1
1.000000 1 0.787500 0.779583 0.250000 0 0 1
0.000000 1 0.562500 0.077500 0.125000 0 1 0
0.500000 0 0.371239 0.000000 0.125000 0 1 0
0.000000 0 0.087500 0.291250 0.750000 1 0 0
0.000000 1 0.437500 0.202500 0.375000 0 0 1
0.000000 0 0.812500 0.077500 0.125000 0 1 0
0.000000 0 0.350000 0.078542 0.125000 0 1 0
0.000000 0 0.200000 0.095000 0.125000 0 1 0
0.000000 0 0.237500 0.080500 0.125000 0 1 1
1.000000 0 0.371239 0.260000 0.125000 0 1 0
0.000000 0 0.412500 0.086625 0.125000 0 1 0
0.000000 0 0.375000 0.095000 0.125000 0 1 1
0.000000 0 0.275000 0.078958 0.125000 0 1 0
0.500000 0 0.525000 0.130000 0.125000 0 1 1
0.000000 1 0.275000 0.077500 0.125000 0 1 1
1.000000 1 0.325000 0.788500 0.125000 0 1 1
1.000000 1 0.237500 0.910792 0.250000 0 0 1
0.500000 0 0.450000 0.128750 0.125000 0 1 0
0.000000 1 0.300000 0.088500 0.125000 0 1 0
0.000000 0 0.300000 0.078958 0.125000 0 1 0
1.000000 0 0.371239 0.277208 0.125000 0 1 0
0.000000 0 0.293750 0.072292 0.125000 0 1 0
1.000000 1 0.025000 1.515500 0.500000 1 0 0
1.000000 0 0.371239 0.305000 0.125000 0 1 1
1.000000 1 0.625000 2.475208 0.250000 0 0 1
0.000000 1 0.371239 0.077500 0.125000 0 1 1
0.000000 0 0.371239 0.232500 0.375000 0 0 1
0.000000 0 0.237500 0.000000 0.125000 0 1 0
0.500000 1 0.371239 0.123500 0.125000 0 1 1
0.000000 0 0.371239 0.080500 0.125000 0 1 0
1.000000 0 0.011500 1.515500 0.500000 1 0 1
1.000000 1 0.371239 1.108833 0.125000 0 1 1
1.000000 1 0.212500 1.089000 0.250000 0 0 1
0.500000 0 0.375000 0.240000 0.250000 0 0 0
1.000000 1 0.375000 0.569292 0.125000 0 1 1
1.000000 1 0.300000 0.831583 0.125000 0 1 1
1.000000 1 0.225000 2.623750 0.625000 0 0 1
0.500000 1 0.325000 0.260000 0.375000 0 0 0
0.000000 0 0.350000 0.078958 0.125000 0 1 0
0.500000 0 0.537500 0.262500 0.375000 0 0 0
0.000000 1 0.325000 0.078542 0.125000 0 1 1
0.500000 1 0.300000 0.260000 0.250000 0 0 1
0.500000 0 0.675000 0.140000 0.125000 0 1 0
1.000000 1 0.387500 1.648667 0.375000 0 0 1
1.000000 1 0.500000 1.345000 0.375000 0 0 1
0.000000 0 0.275000 0.072500 0.125000 0 1 0
0.000000 0 0.337500 0.078958 0.125000 0 1 0
0.500000 1 0.375000 0.123500 0.125000 0 1 1
0.500000 1 0.275000 0.290000 0.375000 0 0 1
0.000000 0 0.371239 0.695500 1.000000 0 0 0
1.000000 1 0.450000 1.356333 0.125000 0 1 1
0.000000 0 0.762500 0.062375 0.125000 0 1 0
0.500000 1 0.450000 0.130000 0.125000 0 1 1
0.000000 1 0.387500 0.205250 0.375000 0 0 1
1.000000 1 0.200000 0.579792 0.250000 0 0 1
0.000000 1 0.371239 0.232500 0.375000 0 0 1
1.000000 0 0.568750 0.285000 0.125000 0 1 0
1.000000 0 0.475000 1.534625 0.250000 0 0 0
0.000000 0 0.200000 0.180000 0.375000 0 0 0
1.000000 1 0.371239 1.336500 0.250000 0 0 1
0.000000 0 0.371239 0.078958 0.125000 0 1 0
1.000000 0 0.362500 0.666000 0.250000 0 0 0
1.000000 1 0.512500 1.345000 0.125000 0 1 1
0.000000 0 0.562500 0.080500 0.125000 0 1 1
1.000000 0 0.562500 0.355000 0.125000 0 1 0
0.500000 0 0.025000 0.260000 0.375000 1 0 1
1.000000 1 0.300000 2.630000 0.750000 0 0 1
0.500000 0 0.350000 0.130000 0.125000 0 1 0
0.500000 0 0.312500 0.130000 0.125000 0 1 0
0.500000 0 0.450000 0.130000 0.125000 0 1 0
0.500000 1 0.300000 0.130000 0.125000 0 1 1
0.500000 1 0.500000 0.130000 0.125000 0 1 1
0.000000 1 0.371239 0.161000 0.250000 0 0 1
0.000000 0 0.037500 0.159000 0.375000 1 0 1
0.000000 0 0.525000 0.086625 0.125000 0 1 0
0.000000 0 0.287500 0.092250 0.125000 0 1 0
1.000000 0 0.371239 0.350000 0.125000 0 1 0
0.000000 0 0.187500 0.072292 0.375000 1 0 0
0.000000 0 0.312500 0.178000 0.250000 0 0 0
0.000000 0 0.371239 0.072250 0.125000 0 1 0
0.000000 0 0.350000 0.095000 0.125000 0 1 0
1.000000 1 0.275000 0.550000 0.250000 0 0 1
0.500000 1 0.475000 0.130000 0.125000 0 1 0
0.000000 1 0.371239 0.078792 0.125000 0 1 1
0.000000 1 0.371239 0.078792 0.125000 0 1 1
0.000000 0 0.500000 0.279000 0.750000 0 0 0
0.500000 0 0.362500 0.277208 0.250000 0 0 0
0.000000 1 0.562500 0.144542 0.250000 0 0 0
0.000000 0 0.437500 0.070500 0.125000 0 1 0
0.000000 0 0.371239 0.155000 0.250000 0 0 0
0.000000 0 0.375000 0.072500 0.125000 0 1 0
1.000000 1 0.750000 0.752500 0.250000 0 0 1
0.000000 1 0.371239 0.072292 0.125000 0 1 1
0.000000 1 0.371239 0.077500 0.125000 0 1 1
1.000000 1 0.300000 0.693000 0.125000 0 1 1
1.000000 0 0.312500 0.554417 0.250000 0 0 1
0.000000 0 0.225000 0.064958 0.250000 0 0 0
0.000000 0 0.237500 0.080500 0.125000 0 1 0
1.000000 0 0.275000 1.356333 0.125000 0 1 0
0.000000 1 0.037500 0.210750 0.625000 1 0 0
1.000000 1 0.371239 0.821708 0.250000 0 0 1
0.000000 1 0.275000 0.072500 0.125000 0 1 1
1.000000 0 0.337500 2.115000 0.375000 0 0 0
0.000000 0 0.250000 0.040125 0.125000 0 1 0
0.000000 0 0.237500 0.077750 0.125000 0 1 0
1.000000 1 0.525000 2.275250 0.125000 0 1 1
0.000000 1 0.012500 0.157417 0.375000 1 0 1
0.000000 0 0.400000 0.079250 0.125000 0 1 0
1.000000 1 0.437500 0.520000 0.250000 0 0 1
0.000000 0 0.371239 0.078958 0.125000 0 1 0
0.500000 0 0.225000 0.735000 0.125000 0 1 0
0.000000 0 0.012500 0.469000 1.000000 1 0 0
0.500000 1 0.450000 0.130000 0.125000 0 1 1
0.000000 0 0.371239 0.077292 0.125000 0 1 0
0.500000 1 0.212500 0.120000 0.125000 0 1 1
1.000000 0 0.450000 1.200000 0.500000 0 0 1
0.000000 0 0.262500 0.077958 0.125000 0 1 1
0.000000 0 0.350000 0.079250 0.375000 0 0 0
1.000000 1 0.287500 1.132750 0.250000 0 0 1
0.000000 1 0.300000 0.167000 0.375000 0 0 1
0.000000 0 0.275000 0.077958 0.125000 0 1 0
0.000000 1 0.387500 0.078542 0.125000 0 1 0
0.500000 0 0.575000 0.260000 0.125000 0 1 0
0.500000 0 0.287500 0.105000 0.125000 0 1 0
0.500000 1 0.350000 0.126500 0.125000 0 1 1
0.000000 0 0.487500 0.079250 0.125000 0 1 1
0.000000 0 0.325000 0.080500 0.125000 0 1 0
0.000000 1 0.262500 0.098250 0.250000 0 0 0
0.000000 0 0.350000 0.158500 0.250000 0 0 0
0.000000 1 0.250000 0.086625 0.125000 0 1 0
0.500000 0 0.425000 0.210000 0.250000 0 0 0
0.000000 0 0.637500 0.077500 0.125000 0 1 0
0.500000 0 0.037500 0.187500 0.375000 1 0 1
0.000000 0 0.262500 0.077750 0.125000 0 1 0
0.000000 1 0.371239 0.254667 0.625000 0 0 0
0.000000 0 0.371239 0.078958 0.125000 0 1 0
0.000000 0 0.371239 0.068583 0.125000 0 1 0
1.000000 1 0.412500 0.900000 0.250000 0 0 1
0.500000 0 0.371239 0.000000 0.125000 0 1 0
0.000000 0 0.550000 0.079250 0.125000 0 1 1
0.000000 1 0.371239 0.080500 0.125000 0 1 0
0.500000 1 0.425000 0.325000 0.375000 0 0 1
0.500000 1 0.225000 0.130000 0.375000 0 0 1
0.500000 0 0.375000 0.130000 0.125000 0 1 0
0.000000 1 0.125000 0.241500 0.375000 1 0 0
0.000000 0 0.371239 0.078958 0.125000 0 1 0
0.000000 0 0.262500 0.077333 0.125000 0 1 0
0.000000 0 0.362500 0.078750 0.125000 0 1 0
0.000000 1 0.350000 0.144000 0.375000 0 0 0
0.000000 0 0.225000 0.202125 0.375000 0 0 0
0.000000 0 0.371239 0.072500 0.125000 0 1 0
0.500000 1 0.350000 0.260000 0.250000 0 0 1
0.500000 1 0.237500 0.260000 0.125000 0 1 1
0.000000 0 0.371239 0.077500 0.125000 0 1 0
0.000000 0 0.400000 0.080500 0.125000 0 1 1
1.000000 0 0.350000 0.265500 0.125000 0 1 1
0.000000 1 0.371239 0.161000 0.250000 0 0 1
0.500000 1 0.525000 0.260000 0.250000 0 0 1
0.000000 0 0.212500 0.071250 0.125000 0 1 0
1.000000 0 0.625000 0.559000 0.250000 0 0 0
1.000000 1 0.175000 1.200000 0.500000 1 0 1
0.000000 1 0.262500 0.343750 0.625000 0 0 0
0.500000 1 0.300000 0.187500 0.750000 0 0 1
1.000000 0 0.800000 2.630000 0.750000 0 0 0
0.500000 0 0.387500 0.105000 0.125000 0 1 0
0.500000 1 0.562500 0.262500 0.375000 0 0 1
0.000000 0 0.250000 0.095000 0.125000 0 1 0
0.000000 0 0.312500 0.077750 0.250000 0 0 0
0.500000 1 0.350000 0.130000 0.125000 0 1 1
0.000000 0 0.371239 0.081125 0.125000 0 1 1
1.000000 0 0.050000 0.818583 0.375000 1 0 1
0.500000 1 0.162500 0.195000 0.250000 1 0 1
1.000000 0 0.425000 0.265500 0.125000 0 1 1
0.000000 1 0.062500 0.192583 0.500000 1 0 1
1.000000 0 0.650000 0.305000 0.125000 0 1 1
0.500000 0 0.450000 0.277500 0.500000 0 0 0
0.000000 0 0.371239 0.199667 0.250000 0 0 0
1.000000 0 0.375000 0.277500 0.125000 0 1 0
1.000000 0 0.612500 0.891042 0.250000 0 0 1
0.000000 0 0.371239 0.080500 0.125000 0 1 0
0.000000 0 0.362500 0.078958 0.125000 0 1 1
1.000000 0 0.812500 0.265500 0.125000 0 1 0
1.000000 1 0.371239 0.518625 0.250000 0 0 1
0.500000 1 0.625000 0.105000 0.125000 0 1 1
0.000000 0 0.371239 0.077500 0.125000 0 1 0
1.000000 0 0.600000 0.265500 0.125000 0 1 1
0.000000 0 0.425000 0.080500 0.125000 0 1 0
1.000000 0 0.587500 0.385000 0.125000 0 1 0
0.500000 0 0.600000 0.130000 0.125000 0 1 0
0.000000 0 0.371239 0.080500 0.125000 0 1 0
0.000000 0 0.475000 0.070500 0.125000 0 1 0
0.500000 0 0.371239 0.000000 0.125000 0 1 0
1.000000 0 0.700000 0.265500 0.125000 0 1 0
0.000000 0 0.371239 0.077250 0.125000 0 1 0
0.000000 1 0.009375 0.192583 0.500000 1 0 1
0.000000 0 0.371239 0.072500 0.125000 0 1 0
0.000000 0 0.475000 0.086625 0.125000 0 1 0
0.500000 1 0.412500 0.277500 0.500000 0 0 1
0.500000 1 0.287500 0.137917 0.125000 0 1 1
0.000000 1 0.275000 0.098375 0.125000 0 1 0
1.000000 0 0.371239 0.520000 0.125000 0 1 0
0.500000 0 0.425000 0.210000 0.250000 0 0 0
0.000000 0 0.362500 0.070458 0.250000 0 0 0
0.000000 0 0.275000 0.075208 0.125000 0 1 0
0.000000 1 0.025000 0.122875 0.250000 1 0 1
0.000000 0 0.112500 0.469000 1.000000 1 0 0
0.500000 0 0.371239 0.000000 0.125000 0 1 0
0.000000 0 0.625000 0.080500 0.125000 0 1 0
0.000000 1 0.787500 0.095875 0.125000 0 1 1
1.000000 0 0.312500 0.910792 0.250000 0 0 1
0.000000 1 0.371239 0.254667 0.625000 0 0 0
1.000000 1 0.437500 0.900000 0.250000 0 0 1
1.000000 0 0.725000 0.297000 0.125000 0 1 0
0.000000 0 0.375000 0.080500 0.125000 0 1 0
0.000000 0 0.112500 0.159000 0.375000 1 0 1
0.000000 0 0.371239 0.199667 0.250000 0 0 0
0.000000 0 0.262500 0.072500 0.125000 0 1 0
1.000000 0 0.687500 0.305000 0.125000 0 1 0
1.000000 0 0.887500 0.495042 0.125000 0 1 0
0.000000 0 0.262500 0.080500 0.125000 0 1 0
0.000000 0 0.371239 0.144583 0.125000 0 1 0
1.000000 1 0.675000 0.782667 0.250000 0 0 1
0.000000 0 0.371239 0.151000 0.125000 0 1 0
1.000000 1 0.312500 1.515500 0.500000 0 0 0
0.000000 0 0.300000 0.077958 0.125000 0 1 0
0.000000 0 0.212500 0.086625 0.125000 0 1 0
0.000000 1 0.262500 0.077500 0.125000 0 1 0
0.000000 1 0.371239 0.076292 0.125000 0 1 0
0.000000 1 0.462500 0.095875 0.125000 0 1 0
1.000000 1 0.200000 0.865000 0.125000 0 1 1
1.000000 0 0.225000 1.089000 0.250000 0 0 0
0.500000 1 0.412500 0.260000 0.375000 0 0 1
1.000000 0 0.371239 0.265500 0.125000 0 1 1
0.000000 0 0.350000 0.225250 0.125000 0 1 0
0.000000 0 0.325000 0.564958 0.125000 0 1 1
0.000000 0 0.362500 0.077500 0.125000 0 1 1
0.000000 0 0.371239 0.080500 0.125000 0 1 0
1.000000 0 0.450000 0.262875 0.125000 0 1 1
1.000000 1 0.675000 0.594000 0.250000 0 0 1
0.000000 0 0.300000 0.074958 0.125000 0 1 0
1.000000 0 0.587500 0.340208 0.125000 0 1 0
0.500000 1 0.425000 0.105000 0.125000 0 1 1
0.000000 0 0.371239 0.241500 0.125000 0 1 0
0.500000 1 0.450000 0.260000 0.250000 0 0 1
0.000000 0 0.400000 0.078958 0.125000 0 1 0
1.000000 1 0.375000 0.935000 0.125000 0 1 1
0.000000 0 0.275000 0.078958 0.125000 0 1 0
0.000000 0 0.371239 0.072250 0.125000 0 1 0
1.000000 1 0.550000 0.579792 0.250000 0 0 1
0.000000 0 0.371239 0.072292 0.125000 0 1 0
0.000000 0 0.506250 0.077500 0.125000 0 1 0
0.500000 1 0.625000 0.105000 0.125000 0 1 1
1.000000 0 0.371239 2.217792 0.125000 0 1 0
0.000000 0 0.487500 0.079250 0.125000 0 1 0
0.500000 0 0.287500 0.115000 0.500000 0 0 0
0.500000 1 0.025000 0.260000 0.375000 1 0 1
0.000000 0 0.371239 0.072292 0.125000 0 1 0
0.000000 0 0.212500 0.072292 0.375000 0 0 0
0.000000 1 0.371239 0.223583 0.375000 0 0 1
0.000000 1 0.375000 0.086625 0.125000 0 1 0
0.500000 1 0.087500 0.262500 0.375000 1 0 1
1.000000 0 0.562500 0.265500 0.125000 0 1 0
1.000000 1 0.375000 1.064250 0.125000 0 1 1
0.000000 0 0.371239 0.145000 0.125000 0 1 0
1.000000 1 0.275000 0.495000 0.375000 0 0 1
1.000000 1 0.450000 0.710000 0.375000 0 0 1
0.000000 1 0.112500 0.312750 0.875000 1 0 0
0.000000 1 0.137500 0.312750 0.875000 1 0 0
0.500000 0 0.400000 0.260000 0.250000 0 0 1
1.000000 0 0.625000 1.064250 0.250000 0 0 0
1.000000 0 0.800000 0.260000 0.125000 0 1 0
0.500000 1 0.237500 0.260000 0.250000 0 0 1
0.500000 0 0.371239 0.138625 0.125000 0 1 1
0.000000 0 0.412500 0.205250 0.375000 0 0 0
0.500000 0 0.100000 0.367500 0.375000 1 0 1
1.000000 0 0.212500 1.108833 0.375000 0 0 1
0.500000 0 0.337500 0.260000 0.125000 0 1 0
0.000000 0 0.371239 0.078292 0.125000 0 1 0
0.000000 0 0.275000 0.072250 0.125000 0 1 1
0.000000 1 0.275000 0.077750 0.125000 0 1 1
1.000000 0 0.775000 0.265500 0.125000 0 1 0
1.000000 1 0.600000 0.396000 0.250000 0 0 1
1.000000 0 0.371239 2.275250 0.125000 0 1 0
1.000000 1 0.487500 0.796500 0.375000 0 0 1
0.000000 1 0.450000 0.174000 0.250000 0 0 1
0.000000 0 0.371239 0.077500 0.125000 0 1 0
0.000000 0 0.500000 0.078958 0.125000 0 1 0
0.500000 0 0.350000 0.135000 0.125000 0 1 0
0.000000 0 0.371239 0.080500 0.125000 0 1 0
0.000000 1 0.371239 0.080500 0.125000 0 1 0
0.000000 0 0.300000 0.241500 0.375000 0 0 0
0.000000 0 0.237500 0.078958 0.125000 0 1 0
0.000000 1 0.362500 0.210750 0.625000 0 0 0
0.000000 0 0.371239 0.072292 0.125000 0 1 0
0.000000 0 0.400000 0.078542 0.125000 0 1 1
0.500000 0 0.775000 0.105000 0.125000 0 1 1
1.000000 1 0.662500 0.514792 0.375000 0 0 1
1.000000 0 0.450000 0.263875 0.125000 0 1 1
0.000000 1 0.371239 0.077500 0.125000 0 1 1
0.000000 0 0.200000 0.080500 0.125000 0 1 0
0.000000 0 0.237500 0.145000 0.125000 0 1 0
0.500000 1 0.425000 0.130000 0.125000 0 1 1
1.000000 1 0.487500 0.559000 0.250000 0 0 1
0.000000 1 0.371239 0.144583 0.250000 0 0 0
0.000000 0 0.400000 0.079250 0.125000 0 1 1
0.500000 1 0.312500 0.300000 0.375000 0 0 1
1.000000 1 0.487500 1.108833 0.375000 0 0 1
0.500000 0 0.675000 0.260000 0.125000 0 1 0
1.000000 0 0.450000 0.401250 0.125000 0 1 0
0.000000 0 0.371239 0.087125 0.125000 0 1 0
1.000000 1 0.225000 0.796500 0.375000 0 0 1
0.500000 0 0.587500 0.150000 0.125000 0 1 0
1.000000 0 0.750000 0.792000 0.375000 0 0 1
0.000000 0 0.275000 0.080500 0.125000 0 1 0
0.000000 0 0.371239 0.080500 0.125000 0 1 0
0.000000 0 0.437500 0.071250 0.125000 0 1 0
1.000000 1 0.650000 0.782667 0.250000 0 0 1
0.000000 0 0.587500 0.072500 0.125000 0 1 0
0.000000 1 0.371239 0.077500 0.375000 0 0 0
0.500000 0 0.462500 0.260000 0.250000 0 0 0
0.000000 0 0.450000 0.241500 0.375000 0 0 0
0.500000 1 0.371239 0.330000 0.125000 0 1 1
0.000000 0 0.612500 0.000000 0.125000 0 1 0
0.000000 0 0.371239 0.072250 0.125000 0 1 0
1.000000 0 0.612500 0.569292 0.250000 0 0 1
0.500000 1 0.300000 0.270000 0.500000 0 0 1
0.000000 0 0.371239 0.078958 0.125000 0 1 0
1.000000 0 0.371239 0.424000 0.125000 0 1 0
0.000000 0 0.550000 0.080500 0.125000 0 1 0
1.000000 0 0.437500 0.265500 0.125000 0 1 1
0.000000 0 0.450000 0.155500 0.250000 0 0 0
0.000000 0 0.375000 0.078958 0.125000 0 1 0
1.000000 0 0.337500 0.305000 0.125000 0 1 1
0.500000 1 0.275000 0.415792 0.500000 0 0 1
1.000000 1 0.500000 1.534625 0.125000 0 1 1
0.000000 1 0.487500 0.312750 0.875000 0 0 0
0.000000 0 0.371239 0.070500 0.125000 0 1 0
0.000000 1 0.371239 0.155000 0.250000 0 0 1
0.000000 0 0.371239 0.077500 0.125000 0 1 0
0.000000 0 0.437500 0.080500 0.125000 0 1 0
0.500000 1 0.300000 0.650000 0.500000 0 0 1
0.000000 0 0.425000 0.144000 0.375000 0 0 0
0.000000 1 0.325000 0.161000 0.250000 0 0 0
0.500000 1 0.050000 0.390000 0.500000 1 0 1
0.500000 0 0.325000 0.105000 0.125000 0 1 0
0.000000 0 0.337500 0.144542 0.250000 0 0 0
1.000000 0 0.525000 0.525542 0.250000 0 0 1
0.000000 0 0.250000 0.157417 0.375000 0 0 1
0.000000 0 0.262500 0.078542 0.125000 0 1 0
0.000000 0 0.262500 0.161000 0.125000 0 1 0
1.000000 0 0.762500 0.323208 0.125000 0 1 0
0.500000 0 0.712500 0.123500 0.125000 0 1 0
1.000000 1 0.262500 0.779583 0.125000 0 1 1
0.000000 0 0.325000 0.078958 0.125000 0 1 0
0.000000 0 0.371239 0.077333 0.125000 0 1 0
1.000000 0 1.000000 0.300000 0.125000 0 1 1
0.000000 0 0.637500 0.070542 0.125000 0 1 0
1.000000 0 0.400000 0.305000 0.125000 0 1 1
1.000000 0 0.371239 0.000000 0.125000 0 1 0
0.000000 1 0.112500 0.279000 0.750000 1 0 0
0.500000 1 0.350000 0.130000 0.125000 0 1 1
0.000000 0 0.400000 0.079250 0.125000 0 1 0
0.500000 0 0.387500 0.262500 0.375000 0 0 0
0.000000 1 0.512500 0.396875 0.750000 0 0 0
0.000000 0 0.371239 0.161000 0.250000 0 0 0
0.000000 0 0.250000 0.078542 0.125000 0 1 0
1.000000 1 0.300000 0.693000 0.125000 0 1 1
0.000000 1 0.025000 0.279000 0.750000 1 0 0
0.000000 0 0.371239 0.564958 0.125000 0 1 1
0.000000 1 0.009375 0.192583 0.500000 1 0 1
1.000000 0 0.600000 0.767292 0.250000 0 0 1
0.000000 0 0.237500 0.078958 0.125000 0 1 0
1.000000 0 0.700000 0.355000 0.125000 0 1 1
0.000000 0 0.371239 0.075500 0.125000 0 1 0
0.000000 1 0.287500 0.075500 0.125000 0 1 1
0.000000 0 0.371239 0.078958 0.125000 0 1 0
0.500000 1 0.225000 0.230000 0.250000 0 0 1
0.000000 0 0.262500 0.084333 0.125000 0 1 0
0.000000 1 0.371239 0.078292 0.125000 0 1 1
0.000000 1 0.225000 0.067500 0.125000 0 1 0
0.500000 0 0.300000 0.735000 0.375000 0 0 0
0.000000 0 0.371239 0.078958 0.125000 0 1 0
0.000000 1 0.400000 0.155000 0.375000 0 0 0
0.500000 0 0.287500 0.130000 0.125000 0 1 0
1.000000 0 0.725000 1.132750 0.375000 0 0 0
1.000000 0 0.625000 1.336500 0.375000 0 0 1
0.000000 0 0.500000 0.072250 0.125000 0 1 0
1.000000 0 0.587500 0.255875 0.125000 0 1 0
0.000000 0 0.450000 0.074958 0.125000 0 1 0
0.000000 0 0.250000 0.079250 0.250000 0 0 1
0.500000 0 0.400000 0.735000 0.375000 0 0 0
0.500000 0 0.312500 0.130000 0.125000 0 1 0
0.000000 0 0.371239 0.077750 0.125000 0 1 0
0.000000 0 0.537500 0.080500 0.125000 0 1 0
1.000000 1 0.371239 0.520000 0.250000 0 0 1
0.500000 1 0.500000 0.390000 0.375000 0 0 1
1.000000 0 0.387500 0.520000 0.250000 0 0 0
0.500000 0 0.875000 0.105000 0.125000 0 1 0
0.500000 0 0.387500 0.130000 0.125000 0 1 1
0.500000 0 0.371239 0.000000 0.125000 0 1 0
0.000000 0 0.225000 0.077750 0.125000 0 1 0
0.000000 0 0.306250 0.080500 0.125000 0 1 0
0.000000 1 0.225000 0.098417 0.125000 0 1 1
0.000000 1 0.537500 0.469000 1.000000 0 0 0
1.000000 0 0.450000 5.123292 0.250000 0 0 1
0.000000 1 0.371239 0.081375 0.125000 0 1 0
1.000000 0 0.337500 0.767292 0.125000 0 1 1
0.000000 0 0.250000 0.092250 0.125000 0 1 0
0.000000 0 0.175000 0.469000 1.000000 1 0 0
0.500000 0 0.750000 0.390000 0.375000 0 0 0
0.500000 0 0.312500 0.415792 0.500000 0 0 0
0.000000 0 0.175000 0.396875 0.750000 1 0 0
0.000000 0 0.237500 0.101708 0.125000 0 1 0
0.000000 0 0.225000 0.077958 0.125000 0 1 0
1.000000 1 0.187500 2.113375 0.250000 1 0 1
1.000000 0 0.387500 0.570000 0.250000 0 0 1
0.000000 1 0.050000 0.134167 0.250000 1 0 1
0.000000 0 0.371239 0.564958 0.125000 0 1 1
0.000000 0 0.312500 0.072250 0.125000 0 1 0
1.000000 0 0.750000 0.265500 0.125000 0 1 0
0.500000 0 0.650000 0.135000 0.125000 0 1 0
0.000000 0 0.550000 0.080500 0.125000 0 1 0
0.000000 1 0.371239 0.077333 0.125000 0 1 1
1.000000 0 0.612500 1.108833 0.375000 0 0 0
0.000000 0 0.525000 0.076500 0.125000 0 1 0
1.000000 1 0.225000 2.275250 0.250000 0 0 1
1.000000 0 0.437500 0.262875 0.125000 0 1 1
0.000000 1 0.225000 0.144542 0.250000 0 0 0
0.000000 0 0.312500 0.077417 0.125000 0 1 0
0.000000 0 0.325000 0.078542 0.250000 0 0 0
0.500000 0 0.487500 0.260000 0.125000 0 1 0
0.500000 1 0.562500 0.135000 0.125000 0 1 1
1.000000 0 0.525000 0.262875 0.125000 0 1 1
1.000000 1 0.275000 1.515500 0.125000 0 1 1
0.000000 0 0.371239 0.152458 0.375000 0 0 1
1.000000 1 0.300000 0.495042 0.125000 0 1 1
1.000000 0 0.371239 0.265500 0.125000 0 1 0
1.000000 0 0.600000 0.520000 0.250000 0 0 1
0.000000 0 0.362500 0.094833 0.125000 0 1 0
0.500000 0 0.650000 0.130000 0.125000 0 1 0
0.000000 0 0.237500 0.076500 0.125000 0 1 0
1.000000 1 0.475000 2.275250 0.125000 0 1 1
0.500000 1 0.337500 0.105000 0.125000 0 1 1
0.000000 0 0.371239 0.155000 0.125000 0 1 0
0.000000 0 0.412500 0.077750 0.125000 0 1 0
0.500000 1 0.075000 0.330000 0.250000 1 0 1
0.000000 0 0.212500 0.070542 0.250000 0 0 0
0.500000 0 0.425000 0.130000 0.125000 0 1 0
0.500000 0 0.625000 0.130000 0.125000 0 1 0
1.000000 0 0.337500 0.531000 0.250000 0 0 1
0.000000 0 0.250000 0.086625 0.125000 0 1 0
0.500000 1 0.375000 0.210000 0.500000 0 0 1
0.000000 1 0.371239 0.077375 0.125000 0 1 1
0.500000 0 0.312500 0.260000 0.250000 0 0 0
0.000000 1 0.312500 0.079250 0.250000 0 0 0
1.000000 1 0.362500 2.113375 0.125000 0 1 1
0.000000 0 0.137500 0.187875 0.125000 1 1 0
0.500000 0 0.371239 0.000000 0.125000 0 1 0
0.500000 0 0.287500 0.130000 0.125000 0 1 0
0.500000 0 0.287500 0.130000 0.125000 0 1 0
0.000000 0 0.356250 0.161000 0.125000 0 1 0
0.000000 1 0.600000 0.343750 0.625000 0 0 0
1.000000 0 0.437500 5.123292 0.125000 0 1 1
0.000000 0 0.371239 0.078958 0.125000 0 1 0
0.000000 0 0.371239 0.078958 0.125000 0 1 0
1.000000 0 0.371239 0.300000 0.125000 0 1 1
1.000000 0 0.450000 0.788500 0.250000 0 0 0
1.000000 1 0.262500 2.623750 0.625000 0 0 1
0.000000 0 0.300000 0.161000 0.250000 0 0 0
0.000000 0 0.387500 0.079250 0.125000 0 1 1
1.000000 0 0.875000 0.710000 0.375000 0 0 0
0.000000 0 0.200000 0.202500 0.375000 0 0 0
0.500000 1 0.375000 0.130000 0.125000 0 1 1
1.000000 0 0.237500 0.531000 0.250000 0 0 0
0.000000 0 0.387500 0.077500 0.125000 0 1 0
0.500000 1 0.050000 0.230000 0.375000 1 0 1
0.000000 0 0.075000 0.124750 0.250000 1 0 1
0.000000 0 0.412500 0.095000 0.125000 0 1 0
0.000000 0 0.287500 0.078958 0.125000 0 1 0
0.500000 1 0.600000 0.650000 0.500000 0 0 1
0.500000 0 0.008375 0.145000 0.375000 1 0 1
0.000000 0 0.350000 0.077958 0.125000 0 1 0
0.500000 0 0.225000 0.115000 0.125000 0 1 0
0.000000 0 0.425000 0.080500 0.125000 0 1 0
1.000000 1 0.412500 0.865000 0.125000 0 1 1
0.000000 0 0.371239 0.145000 0.125000 0 1 0
0.000000 0 0.512500 0.071250 0.125000 0 1 0
0.000000 0 0.250000 0.072292 0.125000 0 1 1
1.000000 1 0.450000 1.200000 0.500000 0 0 1
0.000000 0 0.200000 0.077750 0.125000 0 1 0
1.000000 1 0.637500 0.779583 0.250000 0 0 1
1.000000 0 0.371239 0.396000 0.125000 0 1 0
0.000000 1 0.381250 0.077500 0.125000 0 1 0
0.000000 0 0.371239 0.241500 0.250000 0 0 0
0.000000 0 0.400000 0.083625 0.125000 0 1 0
0.000000 0 0.300000 0.095000 0.125000 0 1 0
0.000000 0 0.600000 0.078542 0.125000 0 1 0
0.500000 1 0.712500 0.105000 0.125000 0 1 0
0.000000 0 0.371239 0.072250 0.125000 0 1 0
0.500000 1 0.675000 0.230000 0.625000 0 0 1
0.000000 0 0.225000 0.077500 0.125000 0 1 0
0.000000 0 0.371239 0.077500 0.125000 0 1 0
0.000000 1 0.062500 0.124750 0.125000 1 1 1
0.000000 0 0.371239 0.077375 0.125000 0 1 0
1.000000 1 0.537500 2.113375 0.250000 0 0 1
0.000000 1 0.162500 0.072292 0.125000 1 1 1
1.000000 1 0.212500 0.570000 0.250000 0 0 1
1.000000 0 0.362500 0.300000 0.125000 0 1 0
0.000000 0 0.371239 0.234500 0.500000 0 0 0
0.000000 0 0.312500 0.070500 0.125000 0 1 0
0.000000 0 0.312500 0.072500 0.125000 0 1 0
0.000000 1 0.225000 0.074958 0.125000 0 1 1
0.000000 0 0.100000 0.291250 0.750000 1 0 0
0.000000 0 0.012500 0.205750 0.500000 1 0 1
1.000000 0 0.575000 0.792000 0.125000 0 1 0
0.000000 0 0.371239 0.077500 0.125000 0 1 0
0.500000 0 0.200000 0.260000 0.125000 0 1 0
0.000000 1 0.371239 0.695500 1.000000 0 0 0
1.000000 0 0.371239 0.306958 0.125000 0 1 0
0.000000 0 0.312500 0.078958 0.125000 0 1 0
0.500000 0 0.487500 0.130000 0.125000 0 1 0
1.000000 1 0.612500 0.259292 0.125000 0 1 1
0.000000 1 0.387500 0.086833 0.125000 0 1 1
0.000000 0 0.375000 0.072292 0.125000 0 1 0
0.000000 1 0.375000 0.241500 0.375000 0 0 0
0.500000 0 0.425000 0.130000 0.125000 0 1 0
0.500000 1 0.387500 0.262500 0.375000 0 0 1
1.000000 0 0.137500 1.200000 0.500000 1 0 1
0.000000 0 0.005250 0.085167 0.250000 1 0 1
0.000000 0 0.337500 0.069750 0.125000 0 1 1
0.000000 0 0.387500 0.077750 0.125000 0 1 0
1.000000 0 0.487500 0.000000 0.125000 0 1 0
0.000000 1 0.225000 0.077750 0.125000 0 1 0
0.500000 0 0.487500 0.130000 0.125000 0 1 0
1.000000 1 0.412500 0.531000 0.250000 0 0 1
0.000000 0 0.325000 0.078875 0.125000 0 1 0
0.000000 0 0.487500 0.241500 0.125000 0 1 0
0.500000 0 0.437500 0.105000 0.125000 0 1 0
0.000000 1 0.075000 0.312750 0.875000 1 0 0
0.000000 0 0.381250 0.080500 0.125000 0 1 0
1.000000 0 0.371239 0.000000 0.125000 0 1 0
0.000000 1 0.287500 0.079250 0.125000 0 1 0
0.500000 0 0.387500 0.370042 0.375000 0 0 0
0.000000 0 0.537500 0.064500 0.125000 0 1 0
0.000000 0 0.125000 0.279000 0.750000 1 0 0
1.000000 1 0.650000 0.935000 0.375000 0 0 1
0.000000 0 0.337500 0.086625 0.125000 0 1 1
1.000000 0 0.475000 0.000000 0.125000 0 1 0
0.000000 1 0.337500 0.124750 0.250000 0 0 1
0.000000 0 0.025000 0.396875 0.750000 1 0 0
0.000000 0 0.371239 0.069500 0.125000 0 1 0
0.000000 0 0.371239 0.564958 0.125000 0 1 0
0.500000 0 0.012500 0.370042 0.375000 1 0 1
0.000000 0 0.371239 0.077500 0.125000 0 1 1
1.000000 1 0.775000 0.800000 0.125000 0 1 1
0.000000 1 0.187500 0.144542 0.250000 1 0 1
0.500000 0 0.010375 0.187500 0.375000 1 0 1
0.000000 0 0.371239 0.072292 0.125000 0 1 0
0.000000 0 0.287500 0.078542 0.125000 0 1 0
0.000000 0 0.225000 0.083000 0.125000 0 1 0
1.000000 1 0.487500 0.831583 0.375000 0 0 1
0.000000 0 0.262500 0.086625 0.125000 0 1 0
0.000000 0 0.371239 0.080500 0.125000 0 1 0
0.000000 0 0.400000 0.564958 0.125000 0 1 1
1.000000 0 0.371239 0.297000 0.125000 0 1 1
0.000000 0 0.250000 0.079250 0.125000 0 1 0
0.500000 0 0.200000 0.105000 0.125000 0 1 0
1.000000 1 0.375000 0.310000 0.125000 0 1 1
0.000000 0 0.431250 0.064375 0.125000 0 1 0
0.000000 0 0.212500 0.086625 0.125000 0 1 0
0.000000 0 0.525000 0.075500 0.125000 0 1 0
0.000000 0 0.371239 0.695500 1.000000 0 0 0
0.000000 0 0.437500 0.078958 0.125000 0 1 0
0.500000 0 0.350000 0.330000 0.250000 0 0 0
1.000000 1 0.371239 0.891042 0.250000 0 0 1
0.000000 0 0.050000 0.312750 0.875000 1 0 0
0.000000 0 0.925000 0.077750 0.125000 0 1 0
0.000000 1 0.112500 0.152458 0.375000 1 0 0
1.000000 1 0.200000 0.394000 0.250000 0 0 1
0.500000 1 0.550000 0.260000 0.250000 0 0 0
0.000000 1 0.225000 0.093500 0.250000 0 0 1
1.000000 1 0.562500 1.648667 0.375000 0 0 1
1.000000 0 0.637500 0.265500 0.125000 0 1 1
0.000000 1 0.300000 0.192583 0.500000 0 0 1
0.000000 0 0.371239 0.072292 0.125000 0 1 0
0.000000 0 0.512500 0.141083 0.375000 0 0 0
0.500000 0 0.262500 0.115000 0.250000 0 0 0
1.000000 1 0.600000 0.259292 0.125000 0 1 1
0.000000 1 0.371239 0.695500 1.000000 0 0 0
0.500000 0 0.300000 0.130000 0.125000 0 1 0
0.500000 1 0.525000 0.130000 0.125000 0 1 1
0.500000 1 0.337500 0.138583 0.250000 0 0 1
1.000000 0 0.387500 0.504958 0.125000 0 1 0
0.000000 0 0.371239 0.095000 0.125000 0 1 0
0.000000 0 0.050000 0.111333 0.375000 1 0 1
0.000000 0 0.325000 0.078958 0.125000 0 1 0
1.000000 1 0.587500 0.525542 0.375000 0 0 1
1.000000 0 0.412500 0.050000 0.125000 0 1 0
0.000000 0 0.587500 0.090000 0.125000 0 1 0
0.500000 1 0.350000 0.240000 0.250000 0 0 1
0.000000 1 0.187500 0.072250 0.125000 1 1 1
0.000000 0 0.250000 0.098458 0.125000 0 1 0
0.000000 0 0.237500 0.078958 0.125000 0 1 0
0.000000 0 0.371239 0.078958 0.125000 0 1 0
1.000000 1 0.700000 0.831583 0.250000 0 0 1
0.500000 1 0.312500 0.260000 0.250000 0 0 1
0.000000 0 0.412500 0.078958 0.125000 0 1 0
0.000000 1 0.275000 0.105167 0.125000 0 1 0
0.500000 0 0.350000 0.105000 0.125000 0 1 0
0.000000 0 0.312500 0.070500 0.125000 0 1 0
0.000000 1 0.487500 0.291250 0.750000 0 0 0
0.500000 0 0.337500 0.130000 0.125000 0 1 0
1.000000 1 0.237500 0.300000 0.125000 0 1 1
0.000000 1 0.371239 0.234500 0.500000 0 0 0
1.000000 0 0.325000 0.300000 0.125000 0 1 1
0.000000 0 0.400000 0.077500 0.125000 0 1 0
